10466592
w2008928j
MIAOMIAO
3746250
252320
6896020
19551220
112233
gy6962178
111111
138888
123456
524545
zhuzhu
1980212
159357
123abc
zg197577
123456
60252725
123456
690326585
feelqq
199368
2381471xu
555555
19891213
530520
pigpig
6120C
kingking
830425
5225277
19871122
67339647
w800725
13596933614
56121907
13622194643
4482073
60416
3247106
67585188
qouqyu
13369371241
0
8602126339
yulong
123456789
19860216
wysdsh
zhang
0
19871028520
123456
1368125
5063290400
123123
123456
2021180
123456
hantong
60874077
19890821
741852963@@@
xihuanq7
wzqandzmy
913540
7594808188
8891369
19861219
122987
1010101
110110
15954231967
zengqian
626
h65352475
123456
2900511
99012
123456
yang2016812
282972202
19881003
1986829sun
duibuqi
123456789
850718
123456
zxz2682
147852
123456
13653366330
8897897
311187
4621169
leiqingzhu
qinshiwei
626485815
yangjie229
198324ty
e66e66
13663442406
59aiang
vivianhuihui
11413
19841020
123456
8988489
zhonghang123
wuchang
13861545211
19850809
wuchanghe
841030
669505006
780807
123456789
928315
19821010
4965785
3365779
111111
bnbnbnbnb
vvvvvv
555888
2352730110
13862598923
850327tao
244731257
55667788
19800427
927992
justin2910
p7435729
19610527
123
DONG
1991621
811121
chenqi
111111
19890715
763710
zzx2009
8157571
guangliang
920609
883533
66088045
6580789
83267533
1
chihchaosng
zengsh
5614293084
8889548
1.98903E+11
gly90711
sdglx58
57784
12868706
963852741
5825500
1992123
2065256
2099363
238778
4584826919
135790
636474
110110
angel1987
7758258
111111
3015942
123
123456
123456789
123321
13731091185
53159134
woaiyuer3363
v97806403
25970264
37758968
5565044
1qaz2wsx
tianting123
123456
102030
721018
851118
198015
13821137624
840430
412186967
123456
810417
15932777628
55555
dongyu
23360854
197310
6327263
leilei1129
5201314
168888ha
33112565
kong1968
qa7767758
zhangyuntao11
198644date
870203
123456
19841204
312312
lizhongkun
lzy521ysys
19790925
123321
123456
16181816
111111
1991911gbw
wskai008
a274649895
13760899967
19841205
lj8626833
2531826
111111
8838445
265556
13726978225
3221445
800112
13205097979
123456789
hq1101
594760
123456
112233
120515293
5534884
9612969
279082878
cutecute
12345
123456
111222
222222
85400947
85851812
0
897575
asdfgh
XzY123
liuyong524
85870854
a159657
13841588656
381999316
150341
joanne
luilei
tiancai
woaijiejie
23525925
3893037
1470807
504415
6960223
62334470
345888324
123456
604102231
110110
1975827
5349971
62918980
asdfghjkl
19850622
tur25ing
somewinter
333888
93105871
951951
123456789
609481068
ben1jno
qianziqing
123456
123456987
123456
6374705941
lpl711
2397701
123456
7758258
7758521gf
woshiniba
13582796119
jincan
621811
20616
696388
yue2128980
890817
23915091
pminqi
123456
242337
123456
5993349
mianfei
123456
5201314
zyh974600
989898
6622510
15986909567
50453132
60317
122780489
123698
978567526
41421029
0
5649335
wlhuang
lrrt
530452274
feishi
987654321
163163
imissyou
123456
4321582
111111
31230510
760920
8318937
86839352
6078111
123
2563094
100200
33614625035
474594211
1987h0a8
8884213
363636
a50410288
62780990
19881031
x080811
671009
880505
253323856
410364846
setup910420
6294605
kaiwanxiao
741029
8356195
2090508
7758521
qwerty
a87910504
78121516
3398744
19890820
15904518080
19761024
365365
123456
operation1
52332260
4721343
munich210
zzz1989
8380495
3430300
8477499
4064608
308328243
359122134
luckzzglrz
zhuhui891005
304412714
105118311
11223300
3636250x
540481358
821012
721227
vbbb625
711872280
1991410
5521964
87658996
jialikeluo
72531
tyccool
684253
12345678
3325884
123456
8760306
777888999
gutianyi
312963156
shihj3813
yelinglong
angel52jay
zxcvzxcv
8656011
120041433
19840304
8272631
5548308
zhangyuanxin
19870624
666666
83774501
123456.+
123456
football
7528751
123456
831028
332193582
669182065
13012637
3880395
51430
123456
82700653
3997968
42214
13836646483
123456
811128
1.99104E+11
123456
3.50203E+11
609021338
linhong
kobechen
qwe123
qazwsx
guoluqi
qkhhso
19840526
4206251983
13816704091
sd31259220
3222309
wangzhuoheng
69399004
xf19870619
700217
727433
lishukui
168168
39083221
woaini521
136055
198773
198869
N789999
5201985926
22995974
hyw780926
zgfyzy
88962753
ljj910918
457259726
123456
jiashanwei1
3099732
6255628
520213
Passw0rd
benjamin
6235593
130988
3681552
123456
468255
qwe123
963
70410
Ding0709
84288488
123456
13042257315
123456
818168
licheng
5201314123
1.98807E+11
gaokai23
19860718yi
66x6x6663x3x
qianqian
890527
65573595
4185750226
4245425
sheiaishei
aaa
13625518980
123123
721479
123456
0
321456
36959487
302576891
372542502
123123
252526
147258
jjjjjj
830415
811105
5890120
43674213
123456
wan820327
13063030802
f271228
66521234
zaoqiang
aote2001
yshwoaini
juan717813
1395684667
200811
830906
781225
8085588
7585089
88425436
1989kangchang
biezhenhua12
19830922
zhaozhao008992
123456789
gb2720101
123456789
3698292
942081
123456
8373754389
123123
1111
47462371
dulikao
0
11
123
12345
113152945
666666
4458800
8658998
111111
123456
6945137
8851488
198367
5049524
54dujun
19830218258
198781
qwe6620690
123456
yaogang
636791zou
inter1908
198514
zxcvbnm
12345678
671208
klzbnkl
652004084
47810833
7812048
gjhazb520
800258
ZL901019
222333
zjp730205
wuyanlongoo5oo5
likeashit
918815
456852
123456
lycbadboy
520827
198975628
5200
7111323
3267006
tqying
123456
5591473
530229341
19891129
111111
shilian19
13870842604
11223300
888888
g140212
gaopeng
123456
123456
861828
123456
3208304517
wulong
25992599
405278215
bbg
10584490
wang79713
13879705478
85844796
8929005
farfocel
1988102587z
414243
baou1990
900223
1111111
950329
6091318
908908
19910514
yangyu
618299
56178132
179720
123456789
13799062775
123456
822427
111111
0
zx103512
caijinhuihappy
19880430
19660802
tencent
3018390
861013
19861026
8867882
feng90324
888888
2671267
19870330
19861110
134679852
3831029
534831706
panasonic
5360751
yvhtkm
53231323
inuyasha
64127561
123456
chancy11
ss53898
123123
520332
123456
scwsdhr
laiqilong
1987222
3068361
xc8266
15082996566
123456
zjl886
130838
8487681
chen123
13536221325
123456789
qwe19863210
6817050
sherryjudy
852123
13824320362
1369869902
123456789
568300
15957485434
anshan65
123456
987654321
1581
15005948835
lv204679
yang7586
290638015
19860828
1209521
forever326
a123456
8383459
123456
taozhu.airbus
68118492
aijuanyisheng
fengzihao1992
123456
sj5201314
55155053
836363
19900822cyc
888999
147201
zaq123
990708
lelenong
941110
521521
liuying1005
taca7818
magic
151356510
sd3361124
5317436
13893232293
5486312
870201
123456
124884460
jiaxiaoxue729
redlemon
fashionyou13
chenji123
1305576
22044
yl136815
19840427
312312
1234567890
passwort
87548186
123456
29803311
2323664741
111111
1234
25113699
csyxlp
1989523
9426494264
981048
x17999
789123
19870201
303917882
85127559
123456
james888
mali1208
120677
609900
1127
3100676
890714
19821123
wanglan907
19850326
13911232841
123456
123456789
6908726
998025
11068426
cdf010925
107445206
110
wqx0o0o0o0o0o
349344946
840412
19870313
88111234
871220
gmhgmh
ineednew
112233
19820823
1427231985
123456789
123456
1988927
696969
120120
woaini
19890507
61335826
chenzhenyi
12345678910
1234567890
81202561
198612
zhaoweihao
212212
111111
6878989
110
790212
123456
3353667
13645270755
dan456654
trutde
cabbage
811215
525100
dpy871212
201407
pzhwow1992
86366h77
fuxiang
831022
121314
nitaiheile
19871119
6161022
123456
20010810
81894991
blogzs
linyuan
zhangyanqiu521
123456
6124551
54641354
fireinthehole
zouhang
890501
221473
71120
mapingfeng
13438114203
123456
wuchengsen
19890618
skyfiner
168588
6181985
djy19890527
112592525
66787878
723442542
200318
123456
987654321
75587925
54elva
19790810
870113
liushilin
5211
417002
102114
111111
111111
361702
1111
angle
19860202
19910828
z3308217926
2041986
freesoft
7889
1123581321
maple
lovesky117
120617
579688
86650777
19840407
880813
19900514
305108
yxh0519
zhenglei
123456
262945677
199088
6735196
87598321
110110
hck520ly
1.59357E+11
123456
880619
951021
wainidbb
5201314
666888
414340145
332633819mm
701212
woshilzl
123456789
61458
123321
56198714
6695320
13861632929
123456
123456
1989912
huaibei581
198318
851102
5812520
5889578
258
123456
71685
5151450
ldd_542020
23401448
61362135
mianduixians
520530
110517
clncl521
5010123
wsclh1520
718000
67701777
871023
123456
25101400
123456
lvning
2326126
981112
13477474850
HUang334
pz1986315
fxs137555
cstk206
why681116
840420
84505674
52035309
nag1234
yongyuan
693693
123456789
s56534586
0
112603
521241
richbird
liouxin
haoren
671011
1986226167
qq123456
0
19851128a
a1b2c3d456
yuan19921217
101202
881209
19810518
13623824125
zaq1xsw2
67795112
000066xiao
realyy
1234567
jxc821225
15935700
1595954
990901
1018
ante2005
6014659
123456789
5325018123
3396845
5201314
778899
14930c
84921
shishi+1988
159753
3213552
VIRSAGO1
30614
1111
131420
hk8827608
39320211
RUIWEIHU
1314520
andy8jacky
510241
danyang
541213ningning
13193921888
13008703117
2848111
520
123456
910625
5347940257
4443088
0
123456
19841006
516129
19901228
970709
19871230
36896269
123456
ffyuna
112233
5211314
811215
66551122
790212181
123123
711428
7758258
1236
ruguo0716
19871123
8161949
8800369
3771748
123123
wozuishuai639
147369
123123
310105
119119
258520
123456
780417
8226296
1986111
119911
ar5920
wjlmj2009
3592058804
3216618
8385
ww138998
5201314
808
sltoloveff
123456
2305241989
850531
987jjkkk
111111
123456
qianyunxiang
8602708
6433001
911127
19570921
3763770
120186099
5633899
a6883656
88888888
bbwwss
13982828551
7340227
123456
1984916s
zbhaihai
ljyopq520
zhangyouhe
161297
5650492
123456789
5465452152
1989831
8160507
344567551
13920266766
hjpfq1234
123456
qwe123456
155455
863328
198775715
ghyy9404
libo1335
123
cyzclhcdz
111111
7716
3011010
333333
5825465
19890413
808173800
15935850067
88603273
shermie0304
haicheng
3300016899
111111
111116
1302368
2051728
x
592775248
775280101
69649583
allkings425906
5526106
cyc360734
li3010110
1314520
1835Lay
131260
154311
138614
13725568825
7216
0
123456
5587217481
linhong
q526114q
"qweasd,."
808156
icbc2002
wyc19900707
123456
19880213
chinali
906263
4071215
urdg4dd7
xiaohua520
sdsd132
3035736
7989007899
871221
5765888
momo1011
851139
371523
123456
123456
1983121
123456
juexiao
753951
woshisaohuo520
liuheng20080120
1.23457E+12
147258369
mendy18
543640578
pilipala
78912366
19851112
723506
57256210
197997
qilixiang
kongfanwang
7610
123456
208870218
along25799
120005222
4838001
404733623
a8901430
zxj370100
53198
luogen0607
630110
6621976
1255635392
6685123
123
6513530
6551456
820911
756863
19861025
5201314
80238023
200428
12345678
3455
19750218
ly920912
squall433
271450352
63362230
429589159
772310
542230
122603
921207
50109
6677157960
90j0103
12341234
25257758
zhuaibing32500
5603682
654123
839981
make00
946682926
8008208820abc
3184303
19850823
nc1020
7987493
abc=422
woaikele
19880628
123456789
76281189
13808289814
909090909
dcf5201314
mymymympls
jianhaob
19880424
400355
wuyang1218
112400
13751755970
7971724
32370034
818325
2562678
721607
856914
1988226
k4k5u6z5
501513
conan1414
123456
19920711
80000456
panjian520
520123
422747
834014
6887708
443877230
463310752
zoudou
19880729
lih0061
250863658
1224sxflt
1234567890
7731590
123123123
123456789
720
love1314
z10400
5566
111111
19850307
5211314333
623801
740317
278681841
6442679686
54289080
456789
123456
apple2002
123456
721521
xu141568
987460
111
541809
152514
8778002
891217
4393025
19860215
821210
920321
a84311726
111111
asdfgh
111111
wodemim8
9921654
157763571
518008
5983281753
4.83286E+11
wxwkhan719
6290524
1994111343
111111
goodluke
woaini354
123456
3.1415926
wangchen
daohaodsi
zxcvbn
6251982111
19841001
910403223
95186738
ilovenicky
19801020
weilai123
88474152
19890512
123456
447114325
liangzhi
59205920
7291289
470231529
8825480
123456
123456
8883361
123456789
98255861
sisini33
123456
74511940
emit0305
24559120
kehuijun
123456
65613492
123456
8289472
429958
cl123456
821202
8692293
hjhzrj
2358078
nsywpp
3682520
1987112
maoruimao
123456
3857760
284062174
89336732
123456
ztzt1992
19821210
0
ai5211314
0
520520
12345678
fuckyou123
123456
p32a77a
123456
qazxsw
123456
123456
8246639
123456
50915892
61960769
5121314
3548546
861212
bozhai
3339983
5280999
198450
29920306
790729
123456
823543
000252wu
771116
h12345
1986731
19831211
123456
xiangsini
880815
longring
123
808824
57602131
145236
20020830
123456789
qunchaolin
19830219
98062129
123456
22458973
121121
131431
pengpeng
123456
19800913
122333
880114
2007
530335
454545
123456
cwycwy
850625
19831123
369520
525728
178319
10101
37247151
123456
96251534
samsung
nhzwb
pgdnnow
992136
moling
99991919
86579122
123456
lx19841009
13631425703
860501
123456
66361995
967830
iwill96
769024
123456
qwert
leidoulei123
qq12345
111306117
santos
831069
123456
994611
lazio1254120
925027
3024559
316874969
160258
g20070606
11835779
ylj850610
zhanglu0521
820615
s85321
8830023
123456
780924
456000
123456
7072933
123456
123456
1985916abcd
woshitiancai
bbs324520
84008255
sun1993ny
malong198858
woaini1314521
hg5516033
920927
19841023
a1s2d3f4
844437058
727879
yizhan66
45645869
110110
3330069
bxfllmzhu
730913
257758
157429
1234567
889889
455954685
zlemail1102
1314520
2515800
75217400
346103849
32684017
111111
6299678
123456
5855756
111111
19851103
mango0305
860324
123456
1990225
1231188
10870321101
chy046688
15999113345
84109169
123654
0
1.23457E+12
7981377
4143227
123123
123456
qqq111
850929
weiwei
yanzhi
19870919
lizhipeng
!@#$%^
123123
cyifan
lz6646206
123456
futureboy
430621
13607685251
12345zxcvb
frog111
102030
1995711
111111
111111
chen
1211
703121522
13899594455
25257758
19820417
fw123456
88059416
dahcky
6973653
123456
123456789
aaaaaa
19870617
19860310
5151256
19801010abc
123456
19850412
19870919
qq19861211
lenovo5050
hzh782514
zj61940543
751212
1989216
15975526362
z63572112
y525712879
417529
xiangni365
870217
DHW720119
19841018
820322
112233
860921
883883
496093236
123
1985620
20082008a
6231669
212414
3685485
87951049
82936662
qxluxi
311911
shmily
huangshaowei
33355307
803165
602000
5201314
zzzzzz
caonima
426426
758258
19710915zsy
qqqqqqqq
2009ning
520520520jj
32118111
555444
13607867205
isabelle
yulongfei
8om9kl
851020
wq891130
123456
452062460
ckm106060
86513732
wangxingwei
142753869
840813
123456
ajj102655
11031619
851021
7886524
123456
1983112223
220850
sansanaiqiqi
tyw33l
888888
5511881985
meng840116
123
0
sam6618238
5064061
19830207
yy008135
1234569
2661674
ww6812317
596031053
123456
6158153
860922
19851026
779846
123456
888567
19750617
zxczzxcz
19881108q
111111
60590185
56565622
5692576
19870614
19880304
4994651
8.21904E+11
123456
5320
2.7182
1111111
3135800
y198404
666666
791025
412577824
123456
7758521
qiushikun
761206
tjjjg
sunny123
11lian
8227620
20698578
123456879
518614
614302
781012
qg929455
19891004
aaaaaa
222222
521230707
342502298
cheng1017
6336505
16446549
19860107
123456
1985924741
123321
178771
3661125
153200
199128520
751013
19870505
19730508
123456
123456
35234035
Passw0rd
wangzhen
1985314
32166577
199961
228921
123456
1982225
621011
Htljiao
3148599
dsqdsqdsq
82805918
wx6813743
541788
shou_2046
666666
800320
850429
203411
870703
849270
10501
750527
123456
890601
shiguangxu1216
761206
125woai512
598777576
l_wangwei
2966223
4730349
5253503
15960221390
4361036
xiao8762
123456
123456
123456
309513
1961713
489158
yangpeng
i1c2q3000
111111
a517177095
7406131
abc123!
dxawfnpl
919448
13575535339
85492223
k0qqvrxh
502514791
20032001
135135
258316147
yufeng
hejingwei88
5201314
13911791280
346190942
811129003
AQGW888
111111
buzhidao
qinbin
9996720957
19821026
7758521
3246444
41121966
123456
306100608
123456
10501
2788211146
123456
810410yubo
2003034214
615001257
79984520
lzj198804
xuanrich
111111
19870504lh
123123
19790112
64092487
620329
7758521
888999
123456
111111
123123
lin666
850216
likexin
952490
123
qaz5989126
5683
12341234
simgmy
zt000169
123456
111111
1392010
641208
7758521
wai84ddd
123456
87787087
5201314
123456
wanglaijun
123456
1111111111
baobeiaini0
6087695
a363213154
666333
6692021
123bing
2788171
5529559
0
5811358
13450179393
12345
860316
a88858119
6670010
0616saga
19710818
spring
8428330
19890710
915liudan
181800
12131415
84868461
963852
19790102
5190
213418
61207
wei3036429
7450215
723121
13569164519
987998
1229fang
19820430
huang
52su-27
7416999
123321123
19850716
123456
2672996
1
751002
428528
423156
666000
13110098960
111111
luna19750502
123456
770312
280242882
yw464300
831015
270611056
810724
52o1314a
7758521
789654
2597758
lw5211314
liwei8308
wobuaini
23698
561224
86654239
20722
chenbing
86379831
hw602936
630417
123456
2713727092
yingwingok
102500
66006
chqjyang
tale0725
7193285078
3386533
baby110099
123123
15015509923
100200
19832009
lo1ve2
441224
gdstzsx
101500
shouerxun123
123456
0
123456
444159050
cuiyin1234
cjh2073212
456123
13899932076
5666295
1851318513
zhouxiaoyin
21807658
159
dafdda
5420765
yuyu3410
maohailong
ilikeyou
7312atzh
198096
s533042
2030
123321
wxy19929
13042439326
lbw2221358
15865591892
850107
qq229442194
a285498856
13655082358
28167988
51449355
611135
2898053
56663366
860612
31415926
zhaojiawu
zhangyang
549035
abcoolak007
xiaoliang
890213
422927863
xx3216351
901206
10086
8601327
rtyufghj
5260505
19860612
lz654123
wkwangsanhai
612919
15902978198
2951238
maxiaokun